# Created by Octave 5.2.0, Sat Apr 25 23:48:21 2020 EDT <utsavpatel@utsavpatel-GS63VR-7RF>
# name: A
# type: matrix
# rows: 2
# columns: 2
 1 2
 3 4


# name: A2
# type: matrix
# rows: 2
# columns: 2
 1 2
 3 4


# name: C
# type: matrix
# rows: 2
# columns: 3
 0 0 0
 0 0 0


# name: D
# type: matrix
# rows: 2
# columns: 3
 1 1 1
 1 1 1


# name: E
# type: diagonal matrix
# rows: 2
# columns: 2
1
1


# name: N
# type: matrix
# rows: 5
# columns: 5
 -4.764130968439054 1.940678034327693 4.6874950272420994 3.1244711064464648 6.3458988304915795
 6.9561107674616443 6.1634280692695427 -3.2606573784755257 -3.4799084914151663 1.8572921591434746
 -1.2200490940751174 5.5843235223718004 5.7269817879417646 -3.2701392668750975 -2.6913431811443642
 9.2259055616003689 -0.39397905484271778 5.6134674971814382 8.0267772966876336 5.0629267616477165
 -4.4037252868512189 6.6894035157855489 0.39365179761805047 6.7028579782057722 -0.89790030994801562


# name: X
# type: matrix
# rows: 2
# columns: 91
 1 1.1000000000000001 1.2 1.3 1.3999999999999999 1.5 1.6000000000000001 1.7000000000000002 1.8 1.8999999999999999 2 2.1000000000000001 2.2000000000000002 2.2999999999999998 2.4000000000000004 2.5 2.6000000000000001 2.7000000000000002 2.7999999999999998 2.9000000000000004 3 3.1000000000000001 3.2000000000000002 3.3000000000000003 3.4000000000000004 3.5 3.6000000000000001 3.7000000000000002 3.8000000000000003 3.9000000000000004 4 4.0999999999999996 4.2000000000000002 4.3000000000000007 4.4000000000000004 4.5 4.5999999999999996 4.7000000000000002 4.8000000000000007 4.9000000000000004 5 5.1000000000000005 5.2000000000000002 5.2999999999999998 5.4000000000000004 5.5 5.6000000000000005 5.7000000000000002 5.8000000000000007 5.9000000000000004 6 6.1000000000000005 6.2000000000000002 6.3000000000000007 6.4000000000000004 6.5 6.6000000000000005 6.7000000000000002 6.8000000000000007 6.9000000000000004 7 7.1000000000000005 7.2000000000000002 7.3000000000000007 7.4000000000000004 7.5 7.6000000000000005 7.7000000000000002 7.8000000000000007 7.9000000000000004 8 8.1000000000000014 8.1999999999999993 8.3000000000000007 8.4000000000000004 8.5 8.6000000000000014 8.6999999999999993 8.8000000000000007 8.9000000000000004 9 9.0999999999999996 9.2000000000000011 9.3000000000000007 9.4000000000000004 9.5 9.5999999999999996 9.7000000000000011 9.8000000000000007 9.9000000000000004 10
 1 1.1000000000000001 1.2 1.3 1.3999999999999999 1.5 1.6000000000000001 1.7000000000000002 1.8 1.8999999999999999 2 2.1000000000000001 2.2000000000000002 2.2999999999999998 2.4000000000000004 2.5 2.6000000000000001 2.7000000000000002 2.7999999999999998 2.9000000000000004 3 3.1000000000000001 3.2000000000000002 3.3000000000000003 3.4000000000000004 3.5 3.6000000000000001 3.7000000000000002 3.8000000000000003 3.9000000000000004 4 4.0999999999999996 4.2000000000000002 4.3000000000000007 4.4000000000000004 4.5 4.5999999999999996 4.7000000000000002 4.8000000000000007 4.9000000000000004 5 5.1000000000000005 5.2000000000000002 5.2999999999999998 5.4000000000000004 5.5 5.6000000000000005 5.7000000000000002 5.8000000000000007 5.9000000000000004 6 6.1000000000000005 6.2000000000000002 6.3000000000000007 6.4000000000000004 6.5 6.6000000000000005 6.7000000000000002 6.8000000000000007 6.9000000000000004 7 7.1000000000000005 7.2000000000000002 7.3000000000000007 7.4000000000000004 7.5 7.6000000000000005 7.7000000000000002 7.8000000000000007 7.9000000000000004 8 8.1000000000000014 8.1999999999999993 8.3000000000000007 8.4000000000000004 8.5 8.6000000000000014 8.6999999999999993 8.8000000000000007 8.9000000000000004 9 9.0999999999999996 9.2000000000000011 9.3000000000000007 9.4000000000000004 9.5 9.5999999999999996 9.7000000000000011 9.8000000000000007 9.9000000000000004 10


# name: Y
# type: matrix
# rows: 2
# columns: 4
 1 2 1 2
 3 4 3 4


# name: Z
# type: matrix
# rows: 4
# columns: 6
 1 2 1 2 1 2
 3 4 3 4 3 4
 1 2 1 2 1 2
 3 4 3 4 3 4


# name: Z2
# type: matrix
# rows: 2
# columns: 4
 1 2 1 2
 3 4 3 4


# name: a
# type: matrix
# rows: 1
# columns: 4
 1 2 3 4


# name: a2
# type: matrix
# rows: 1
# columns: 4
 1 2 3 4


# name: ans
# type: matrix
# rows: 2
# columns: 1
 2
 4


# name: b
# type: matrix
# rows: 1
# columns: 10
 1 2 3 4 5 6 7 8 9 10


# name: c
# type: matrix
# rows: 1
# columns: 91
 1 1.1000000000000001 1.2 1.3 1.3999999999999999 1.5 1.6000000000000001 1.7000000000000002 1.8 1.8999999999999999 2 2.1000000000000001 2.2000000000000002 2.2999999999999998 2.4000000000000004 2.5 2.6000000000000001 2.7000000000000002 2.7999999999999998 2.9000000000000004 3 3.1000000000000001 3.2000000000000002 3.3000000000000003 3.4000000000000004 3.5 3.6000000000000001 3.7000000000000002 3.8000000000000003 3.9000000000000004 4 4.0999999999999996 4.2000000000000002 4.3000000000000007 4.4000000000000004 4.5 4.5999999999999996 4.7000000000000002 4.8000000000000007 4.9000000000000004 5 5.1000000000000005 5.2000000000000002 5.2999999999999998 5.4000000000000004 5.5 5.6000000000000005 5.7000000000000002 5.8000000000000007 5.9000000000000004 6 6.1000000000000005 6.2000000000000002 6.3000000000000007 6.4000000000000004 6.5 6.6000000000000005 6.7000000000000002 6.8000000000000007 6.9000000000000004 7 7.1000000000000005 7.2000000000000002 7.3000000000000007 7.4000000000000004 7.5 7.6000000000000005 7.7000000000000002 7.8000000000000007 7.9000000000000004 8 8.1000000000000014 8.1999999999999993 8.3000000000000007 8.4000000000000004 8.5 8.6000000000000014 8.6999999999999993 8.8000000000000007 8.9000000000000004 9 9.0999999999999996 9.2000000000000011 9.3000000000000007 9.4000000000000004 9.5 9.5999999999999996 9.7000000000000011 9.8000000000000007 9.9000000000000004 10


# name: u
# type: matrix
# rows: 10
# columns: 1
 11.257872452815091
 6.3417783156146381
 10.081362129725264
 8.8324343904351323
 8.6323073359529694
 14.850422329528264
 12.959603907837211
 5.8924564026199278
 12.237548827702215
 12.31472117619494


# name: x
# type: matrix
# rows: 1
# columns: 20
 1 2 3 4 5 6 7 8 9 10 11 12 13 14 15 16 17 18 19 20


# name: x2
# type: matrix
# rows: 1
# columns: 7
 1 4 7 10 13 16 19


